burst
[1]
[1, 0]
[0, 0, 1, 1]
[1, 1, 1, 1, 0, 1, 1, 0]
[0, 0, 0, 0, 1, 0, 0, 0, 1, 1, 1, 0, 0, 1, 1, 1]

stitch
[0]
[0, 0]
[0, 1, 0, 0]
[0, 1, 1, 0, 0, 1, 0, 0]
[1, 0, 1, 1, 1, 0, 1, 0, 1, 0, 0, 0, 1, 0, 1, 1]

fighter
[1]
[1, 0]
[1, 0, 0, 1]
[1, 0, 0, 0, 1, 1, 1, 1]

criss
[0]
[1, 1]
[0, 0, 1, 0]
[0, 0, 0, 0, 0, 1, 1, 1]

clump
[0]
[0, 0]
[0, 1, 0, 1]
[0, 0, 0, 0, 0, 0, 0, 0]

cell
[0]
[0, 0]
[0, 0, 1, 0]
[1, 0, 0, 0, 1, 1, 0, 0]

dot
[1]
[0, 0]
[1, 0, 1, 1]
[0, 0, 0, 1, 1, 1, 0, 1]

dna
[1]
[1, 0]
[1, 0, 0, 1]
[1, 0, 1, 0, 0, 1, 1, 0]

snake
[0]
[1, 1]
[0, 1, 1, 0]
[1, 0, 0, 1, 1, 0, 0, 1]
[1, 1, 0, 0, 1, 0, 0, 1, 0, 1, 0, 0, 0, 0, 1, 1]

triangle waves
[0]
[0, 2, 2]
[0, 2, 2, 1, 0, 0, 1, 0, 2]
[1, 1, 0, 0, 2, 1, 1, 1, 2, 1, 2, 1, 1, 1, 2, 0, 2, 0, 1, 2, 0, 0, 0, 0, 0, 1, 2]